sdcard

0x02001000 | 00 10 00 FA 00 00 00 00 00 00 00 00 00 00 00 00 
0x02001010 | 00 41 00 F8 00 00 00 00 00 00 00 00 00 00 00 00 
0x02001020 | 00 63 21 F8 00 00 00 00 00 00 00 00 00 00 00 00 
0x02001030 | 00 00 00 00 00 00 00 00 00 00 00 00 00 00 00 00 
0x02001040 | 03 62 00 48 00 00 00 00 03 62 00 48 00 00 00 00 
0x02001050 | 00 00 00 00 00 00 00 00 01 23 00 48 00 00 00 00 
0x02001060 | 00 00 00 00 00 00 00 00 00 00 00 00 00 00 00 00 
0x02001070 | 00 00 00 00 00 00 00 00 00 55 14 48 00 00 00 00 
0x02001080 | 00 7F 41 48 00 00 00 00 00 00 00 00 00 00 00 00 
0x02001090 | 00 00 00 00 00 00 00 00 00 00 00 00 00 00 00 00 
0x020010A0 | 00 00 00 00 00 00 00 00 00 00 00 00 00 00 00 00 
0x020010B0 | 00 00 00 00 00 00 00 00 00 00 00 00 00 00 00 00 
0x020010C0 | 00 00 00 00 00 00 00 00 00 00 00 00 00 00 00 00 
0x020010D0 | 00 00 00 00 00 00 00 00 00 00 00 00 00 00 00 00 
0x020010E0 | 00 00 00 00 00 00 00 00 00 00 00 00 00 00 00 00 
0x020010F0 | 00 00 00 00 00 00 00 00 00 00 00 00 00 00 00 00 
0x02001100 | 00 00 00 00 00 00 00 00 00 00 00 00 00 00 00 00 
0x02001110 | 00 00 00 00 00 00 00 00 00 00 00 00 00 00 00 00 
0x02001120 | 00 00 00 00 00 00 00 00 00 00 00 00 00 00 00 00 
0x02001130 | 00 00 00 00 00 00 00 00 00 00 00 00 00 00 00 00 
0x02001140 | 00 00 00 00 00 00 00 00 00 00 00 00 00 00 00 00 
0x02001150 | 00 00 00 00 00 00 00 00 00 00 00 00 00 00 00 00 
0x02001160 | 00 00 00 00 00 00 00 00 00 00 00 00 00 00 00 00 
0x02001170 | 00 00 00 00 00 00 00 00 00 00 00 00 00 00 00 00 
0x02001180 | 00 00 00 00 00 00 00 00 00 00 00 00 00 00 00 00 
0x02001190 | 00 00 00 00 00 00 00 00 00 00 00 00 00 00 00 00 
0x020011A0 | 00 00 00 00 00 00 00 00 00 00 00 00 00 00 00 00 
0x020011B0 | 00 00 00 00 00 00 00 00 00 00 00 00 00 00 00 00 
0x020011C0 | 00 00 00 00 00 00 00 00 00 00 00 00 00 00 00 00 
0x020011D0 | 00 00 00 00 00 00 00 00 00 00 00 00 00 00 00 00 
0x020011E0 | 00 00 00 00 00 00 00 00 00 00 00 00 00 00 00 00 
0x020011F0 | 00 00 00 00 00 00 00 00 00 00 00 00 00 00 00 00 
0x02001200 | 00 00 00 00 00 00 00 00 00 00 00 00 00 00 00 00 
0x02001210 | 00 00 00 00 00 00 00 00 00 00 00 00 00 00 00 00 
0x02001220 | 00 00 00 00 00 00 00 00 00 00 00 00 00 00 00 00 
0x02001230 | 00 00 00 00 00 00 00 00 00 00 00 00 00 00 00 00 
0x02001240 | 00 00 00 00 00 00 00 00 00 00 00 00 00 00 00 00 
0x02001250 | 00 00 00 00 00 00 00 00 00 00 00 00 00 00 00 00 
0x02001260 | 00 00 00 00 00 00 00 00 00 00 00 00 00 00 00 00 
0x02001270 | 00 00 00 00 00 00 00 00 00 00 00 00 00 00 00 00 
0x02001280 | 00 00 00 00 00 00 00 00 00 00 00 00 00 00 00 00 
0x02001290 | 00 00 00 00 00 00 00 00 00 00 00 00 00 00 00 00 
0x020012A0 | 00 00 00 00 00 00 00 00 00 00 00 00 00 00 00 00 
0x020012B0 | 00 00 00 00 00 00 00 00 00 00 00 00 00 00 00 00 
0x020012C0 | 00 00 00 00 00 00 00 00 00 00 00 00 00 00 00 00 
0x020012D0 | 00 00 00 00 00 00 00 00 00 00 00 00 00 00 00 00 
0x020012E0 | 00 00 00 00 00 00 00 00 00 00 00 00 00 00 00 00 
0x020012F0 | 00 00 00 00 00 00 00 00 00 00 00 00 00 00 00 00 
0x02001300 | 00 00 10 80 00 00 00 00 00 00 00 00 00 00 00 00 
0x02001310 | 00 00 03 00 00 00 00 00 00 00 00 00 00 00 00 00 
0x02001320 | 00 00 03 00 00 00 00 00 00 00 00 00 00 00 00 00 
0x02001330 | 00 00 00 00 00 00 00 00 00 00 00 00 00 00 00 00 
0x02001340 | 00 00 03 00 00 00 00 00 00 00 03 00 00 00 00 00 
0x02001350 | 00 00 00 00 00 00 00 00 00 00 03 00 00 00 00 00 
0x02001360 | 00 00 00 00 00 00 00 00 00 00 00 00 00 00 00 00 
0x02001370 | 00 00 00 00 00 00 00 00 00 00 03 00 00 00 00 00 
0x02001380 | 00 00 03 00 00 00 00 00 00 00 00 00 00 00 00 00 
0x02001390 | 00 00 00 00 00 00 00 00 00 00 00 00 00 00 00 00 
0x020013A0 | 00 00 00 00 00 00 00 00 00 00 00 00 00 00 00 00 
0x020013B0 | 00 00 00 00 00 00 00 00 00 00 00 00 00 00 00 00 
0x020013C0 | 00 00 00 00 00 00 00 00 00 00 00 00 00 00 00 00 
0x020013D0 | 00 00 00 00 00 00 00 00 00 00 00 00 00 00 00 00 
0x020013E0 | 00 00 00 00 00 00 00 00 00 00 00 00 00 00 00 00 
0x020013F0 | 00 00 00 00 00 00 00 00 00 00 00 00 00 00 00 00 
0x02001400 | 04 40 40 44 00 00 00 00 00 00 00 00 00 00 00 00 
0x02001410 | 00 00 00 00 00 00 00 00 00 00 00 00 00 00 00 00 
0x02001420 | 00 00 00 00 00 00 00 00 00 00 00 00 00 00 00 00 
0x02001430 | 00 00 00 00 00 00 00 00 00 00 00 00 00 00 00 00 
0x02001440 | 00 00 00 00 00 00 00 00 00 00 00 00 00 00 00 00 
0x02001450 | 00 00 00 00 00 00 00 00 00 00 00 00 00 00 00 00 
0x02001460 | 00 00 00 00 00 00 00 00 00 00 00 00 00 00 00 00 
0x02001470 | 00 00 00 00 00 00 00 00 00 00 00 00 00 00 00 00 
0x02001480 | 00 00 00 00 00 00 00 00 00 00 00 00 00 00 00 00 
0x02001490 | 00 00 00 00 00 00 00 00 00 00 00 00 00 00 00 00 
0x020014A0 | 00 00 00 00 00 00 00 00 00 00 00 00 00 00 00 00 
0x020014B0 | 00 00 00 00 00 00 00 00 00 00 00 00 00 00 00 00 
0x020014C0 | 00 00 00 00 00 00 00 00 00 00 00 00 00 00 00 00 
0x020014D0 | 00 00 00 00 00 00 00 00 00 00 00 00 00 00 00 00 
0x020014E0 | 00 00 00 00 00 00 00 00 00 00 00 00 00 00 00 00 
0x020014F0 | 00 00 00 00 00 00 00 00 00 00 00 00 00 00 00 00 
0x02001500 | 00 03 00 00 00 00 00 80 00 00 00 00 00 00 00 00 
0x02001510 | 02 00 00 03 00 00 00 00 00 00 00 00 00 00 00 00 
0x02001520 | 00 01 00 02 00 00 00 00 00 00 00 00 00 00 00 00 
0x02001530 | 00 00 00 00 00 00 00 00 00 00 00 00 00 00 00 00 
0x02001540 | 00 00 00 40 00 00 00 00 00 00 00 00 00 00 00 00 
0x02001550 | 00 00 00 00 00 00 00 00 00 00 00 00 00 00 00 00 
0x02001560 | 00 00 00 00 00 00 00 00 00 00 00 00 00 00 00 00 
0x02001570 | 00 00 00 00 00 00 00 00 00 00 00 00 00 00 00 00 
0x02001580 | 00 00 00 00 00 00 00 00 00 00 00 00 00 00 00 00 
0x02001590 | 00 00 00 00 00 00 00 00 00 00 00 00 00 00 00 00 
0x020015A0 | 00 00 00 00 00 00 00 00 00 00 00 00 00 00 00 00 
0x020015B0 | 00 00 00 00 00 00 00 00 00 00 00 00 00 00 00 00 
0x020015C0 | 00 00 00 00 00 00 00 00 00 00 00 00 00 00 00 00 
0x020015D0 | 00 00 00 00 00 00 00 00 00 00 00 00 00 00 00 00 
0x020015E0 | 00 00 00 00 00 00 00 00 00 00 00 00 00 00 00 00 
0x020015F0 | 00 00 00 00 00 00 00 00 00 00 00 00 00 00 00 00 
0x02001600 | 00 00 00 00 00 00 00 00 00 00 00 00 00 00 00 00 
0x02001610 | 00 00 00 00 00 00 00 00 00 00 00 00 00 00 00 00 
0x02001620 | 00 00 00 00 00 00 00 00 00 00 00 00 00 00 00 00 
0x02001630 | 00 00 00 00 00 00 00 00 00 00 00 00 00 00 00 00 
0x02001640 | 00 00 00 00 00 00 00 00 00 00 00 00 00 00 00 00 
0x02001650 | 00 00 00 00 00 00 00 00 00 00 00 00 00 00 00 00 
0x02001660 | 00 00 00 00 00 00 00 00 00 00 00 00 00 00 00 00 
0x02001670 | 00 00 00 00 00 00 00 00 00 00 00 00 00 00 00 00 
0x02001680 | 02 00 00 81 00 00 00 00 00 00 00 00 01 00 01 00 
0x02001690 | 00 00 00 00 00 00 00 00 00 00 00 00 00 00 00 00 
0x020016A0 | 00 00 00 00 00 00 00 00 00 00 00 00 00 00 00 00 
0x020016B0 | 00 00 00 00 00 00 00 00 00 00 00 00 00 00 00 00 
0x020016C0 | 00 00 00 00 00 00 00 00 00 00 00 00 00 00 00 00 
0x020016D0 | 00 00 00 00 00 00 00 00 00 00 00 00 00 00 00 00 
0x020016E0 | 00 00 00 00 00 00 00 00 00 00 00 00 00 00 00 00 
0x020016F0 | 00 00 00 00 00 00 00 00 00 00 00 00 00 00 00 00 
0x02001700 | 00 00 00 00 00 00 00 00 00 00 00 00 01 00 01 00 
0x02001710 | 00 00 00 00 00 00 00 00 00 00 00 00 00 00 00 00 
0x02001720 | 00 00 00 00 00 00 00 00 00 00 00 00 00 00 00 00 
0x02001730 | 00 00 00 00 00 00 00 00 00 00 00 00 00 00 00 00 
0x02001740 | 00 00 00 00 00 00 00 00 00 00 00 00 00 00 00 00 
0x02001750 | 00 00 00 00 00 00 00 00 00 00 00 00 00 00 00 00 
0x02001760 | 00 00 00 00 00 00 00 00 00 00 00 00 00 00 00 00 
0x02001770 | 00 00 00 00 00 00 00 00 00 00 00 00 00 00 00 00 
0x02001780 | 00 00 00 00 00 00 00 00 00 00 00 00 00 00 00 00 
0x02001790 | 00 00 00 00 00 00 00 00 00 00 00 00 00 00 00 00 
0x020017A0 | 00 00 00 00 00 00 00 00 00 00 00 00 00 00 00 00 
0x020017B0 | 00 00 00 00 00 00 00 00 00 00 00 00 00 00 00 00 
0x020017C0 | 00 00 00 00 00 00 00 00 00 00 00 00 00 00 00 00 
0x020017D0 | 00 00 00 00 00 00 00 00 00 00 00 00 00 00 00 00 
0x020017E0 | 00 00 00 00 00 00 00 00 00 00 00 00 00 00 00 00 
0x020017F0 | 00 00 00 00 00 00 00 00 00 00 00 00 00 00 00 00 
0x02001800 | 00 00 00 C0 04 00 00 00 00 00 00 00 01 00 01 00 
0x02001810 | 00 00 00 00 00 00 00 00 00 00 00 00 00 00 00 00 
0x02001820 | 00 00 00 00 00 00 00 00 00 00 00 00 00 00 00 00 
0x02001830 | 06 01 00 81 00 00 00 00 00 00 00 00 00 00 00 00 
0x02001840 | 00 00 00 00 00 00 00 00 00 00 00 00 01 00 01 00 
0x02001850 | 00 00 00 00 00 00 00 00 00 00 00 00 00 00 00 00 
0x02001860 | 00 00 00 00 00 00 00 00 00 00 00 00 00 00 00 00 
0x02001870 | 00 00 00 00 00 00 00 00 00 00 00 00 00 00 00 00 
0x02001880 | 00 00 00 00 00 00 00 00 00 00 00 00 00 00 00 00 
0x02001890 | 00 00 00 00 00 00 00 00 00 00 00 00 00 00 00 00 
0x020018A0 | 00 00 00 00 00 00 00 00 00 00 00 00 00 00 00 00 
0x020018B0 | 00 00 00 00 00 00 00 00 00 00 00 00 00 00 00 00 
0x020018C0 | 00 00 00 00 00 00 00 00 00 00 00 00 00 00 00 00 
0x020018D0 | 00 00 00 00 00 00 00 00 00 00 00 00 00 00 00 00 
0x020018E0 | 00 00 00 00 00 00 00 00 00 00 00 00 00 00 00 00 
0x020018F0 | 00 00 00 00 00 00 00 00 00 00 00 00 00 00 00 00 
0x02001900 | 00 00 00 00 00 00 00 00 00 00 00 00 01 00 01 00 
0x02001910 | 00 00 00 00 00 00 00 00 00 00 00 00 04 00 04 00 
0x02001920 | 00 00 00 00 00 00 00 00 00 00 00 00 00 00 00 00 
0x02001930 | 00 00 00 00 00 00 00 00 00 00 00 00 00 00 00 00 
0x02001940 | 00 00 00 00 0B 00 00 80 00 00 00 00 00 00 00 00 
0x02001950 | 00 00 00 00 00 00 00 00 00 00 00 00 00 00 00 00 
0x02001960 | 00 00 00 00 00 00 00 00 00 00 00 00 02 00 02 00 
0x02001970 | 00 00 00 00 00 00 00 00 00 00 00 00 00 00 00 00 
0x02001980 | 00 00 00 00 00 00 00 00 00 00 00 00 00 00 00 00 
0x02001990 | 00 00 00 00 00 00 00 00 00 00 00 00 00 00 00 00 
0x020019A0 | 00 00 00 00 00 00 00 00 00 00 00 00 00 00 00 00 
0x020019B0 | 00 00 00 00 00 00 00 00 00 00 00 00 00 00 00 00 
0x020019C0 | 00 00 00 00 00 00 00 00 00 00 00 00 00 00 00 00 
0x020019D0 | 00 00 00 00 00 00 00 00 00 00 00 00 00 00 00 00 
0x020019E0 | 00 00 00 00 00 00 00 00 00 00 00 00 00 00 00 00 
0x020019F0 | 00 00 00 00 00 00 00 00 00 00 00 00 00 00 00 00 
0x02001A00 | 00 00 00 00 00 00 00 00 00 00 00 00 00 00 00 00 
0x02001A10 | 00 00 00 00 00 00 00 00 00 00 00 00 00 00 00 00 
0x02001A20 | 00 00 00 00 00 00 00 00 00 00 00 00 00 00 00 00 
0x02001A30 | 00 00 00 00 00 00 00 00 00 00 00 00 00 00 00 00 
0x02001A40 | 00 00 00 00 00 00 00 00 00 00 00 00 00 00 00 00 
0x02001A50 | 00 00 00 00 00 00 00 00 00 00 00 00 01 00 01 00 
0x02001A60 | 00 00 00 00 00 00 00 00 00 00 00 00 00 00 00 00 
0x02001A70 | 00 00 00 00 00 00 00 00 00 00 00 00 00 00 00 00 
0x02001A80 | 00 00 00 00 00 00 00 00 00 00 00 00 00 00 00 00 
0x02001A90 | 00 00 00 00 00 00 00 00 00 00 00 00 00 00 00 00 
0x02001AA0 | 00 00 00 00 00 00 00 00 00 00 00 00 00 00 00 00 
0x02001AB0 | 00 00 00 00 00 00 00 00 00 00 00 00 00 00 00 00 
0x02001AC0 | 00 00 00 00 00 00 00 00 00 00 00 00 00 00 00 00 
0x02001AD0 | 00 00 00 00 00 00 00 00 00 00 00 00 00 00 00 00 
0x02001AE0 | 00 00 00 00 00 00 00 00 00 00 00 00 00 00 00 00 
0x02001AF0 | 00 00 00 00 00 00 00 00 00 00 00 00 00 00 00 00 
0x02001B00 | 00 00 00 00 00 00 00 00 00 00 00 00 00 00 00 00 
0x02001B10 | 00 00 00 00 00 00 00 00 00 00 00 00 00 00 00 00 
0x02001B20 | 00 00 00 00 00 00 00 00 00 00 00 00 00 00 00 00 
0x02001B30 | 00 00 00 00 00 00 00 00 00 00 00 00 00 00 00 00 
0x02001B40 | 00 00 00 00 00 00 00 00 00 00 00 00 00 00 00 00 
0x02001B50 | 00 00 00 00 00 00 00 00 00 00 00 00 00 00 00 00 
0x02001B60 | 00 00 00 00 00 00 00 00 00 00 00 00 00 00 00 00 
0x02001B70 | 00 00 00 00 00 00 00 00 00 00 00 00 00 00 00 00 
0x02001B80 | 00 00 00 00 00 00 00 00 00 00 00 00 00 00 00 00 
0x02001B90 | 00 00 00 00 00 00 00 00 00 00 00 00 00 00 00 00 
0x02001BA0 | 00 00 00 00 00 00 00 00 00 00 00 00 00 00 00 00 
0x02001BB0 | 00 00 00 00 00 00 00 00 00 00 00 00 00 00 00 00 
0x02001BC0 | 00 00 00 00 00 00 00 00 00 00 00 00 00 00 00 00 
0x02001BD0 | 00 00 00 00 00 00 00 00 00 00 00 00 00 00 00 00 
0x02001BE0 | 00 00 00 00 00 00 00 00 00 00 00 00 00 00 00 00 
0x02001BF0 | 00 00 00 00 00 00 00 00 00 00 00 00 00 00 00 00 
0x02001C00 | 00 00 00 00 00 00 00 00 00 00 00 00 00 00 00 00 
0x02001C10 | 00 00 00 00 00 00 00 00 00 00 00 00 00 00 00 00 
0x02001C20 | 00 00 00 00 00 00 00 00 00 00 00 00 00 00 00 00 
0x02001C30 | 00 00 00 00 00 00 00 00 00 00 00 00 00 00 00 00 
0x02001C40 | 00 00 00 00 00 00 00 00 00 00 00 00 00 00 00 00 
0x02001C50 | 00 00 00 00 00 00 00 00 00 00 00 00 00 00 00 00 
0x02001C60 | 00 00 00 00 00 00 00 00 00 00 00 00 00 00 00 00 
0x02001C70 | 00 00 00 00 00 00 00 00 00 00 00 00 00 00 00 00 
0x02001C80 | 00 00 00 00 00 00 00 00 00 00 00 00 00 00 00 00 
0x02001C90 | 00 00 00 00 00 00 00 00 00 00 00 00 00 00 00 00 
0x02001CA0 | 00 00 00 00 00 00 00 00 00 00 00 00 00 00 00 00 
0x02001CB0 | 00 00 00 00 00 00 00 00 00 00 00 00 00 00 00 00 
0x02001CC0 | 00 00 00 00 00 00 00 00 00 00 00 00 00 00 00 00 
0x02001CD0 | 00 00 00 00 00 00 00 00 00 00 00 00 00 00 00 00 
0x02001CE0 | 00 00 00 00 00 00 00 00 00 00 00 00 00 00 00 00 
0x02001CF0 | 00 00 00 00 00 00 00 00 00 00 00 00 00 00 00 00 
0x02001D00 | 00 01 00 05 00 00 00 80 00 00 00 00 00 00 00 00 
0x02001D10 | 00 00 00 00 00 00 00 00 00 00 00 00 00 00 00 00 
0x02001D20 | 00 00 00 00 00 00 00 00 00 00 00 00 00 00 00 00 
0x02001D30 | 00 00 00 00 00 00 00 00 00 00 00 00 00 00 00 00 
0x02001D40 | 00 00 00 00 00 00 00 00 00 00 00 00 00 00 00 00 
0x02001D50 | 00 00 00 00 00 00 00 00 00 00 00 00 00 00 00 00 
0x02001D60 | 00 00 00 00 00 00 00 00 00 00 00 00 00 00 00 00 
0x02001D70 | 00 00 00 00 00 00 00 00 00 00 00 00 00 00 00 00 
0x02001D80 | 00 00 00 00 00 00 00 00 00 00 00 00 00 00 00 00 
0x02001D90 | 00 00 00 00 00 00 00 00 00 00 00 00 00 00 00 00 
0x02001DA0 | 00 00 00 00 00 00 00 00 00 00 00 00 00 00 00 00 
0x02001DB0 | 00 00 00 00 00 00 00 00 00 00 00 00 00 00 00 00 
0x02001DC0 | 00 00 00 00 00 00 00 00 00 00 00 00 00 00 00 00 
0x02001DD0 | 00 00 00 00 00 00 00 00 00 00 00 00 00 00 00 00 
0x02001DE0 | 00 00 00 00 00 00 00 00 00 00 00 00 00 00 00 00 
0x02001DF0 | 00 00 00 00 00 00 00 00 00 00 00 00 00 00 00 00 
0x02001E00 | 00 00 00 00 00 00 00 00 00 00 00 00 00 00 00 00 
0x02001E10 | 00 00 00 00 00 00 00 00 00 00 00 00 00 00 00 00 
0x02001E20 | 00 00 00 00 00 00 00 00 00 00 00 00 00 00 00 00 
0x02001E30 | 00 00 00 00 00 00 00 00 00 00 00 00 00 00 00 00 
0x02001E40 | 00 00 00 00 00 00 00 00 00 00 00 00 00 00 00 00 
0x02001E50 | 00 00 00 00 00 00 00 00 00 00 00 00 00 00 00 00 
0x02001E60 | 00 00 00 00 00 00 00 00 00 00 00 00 00 00 00 00 
0x02001E70 | 00 00 00 00 00 00 00 00 00 00 00 00 00 00 00 00 
0x02001E80 | 00 00 00 00 00 00 00 00 00 00 00 00 00 00 00 00 
0x02001E90 | 00 00 00 00 00 00 00 00 00 00 00 00 00 00 00 00 
0x02001EA0 | 00 00 00 00 00 00 00 00 00 00 00 00 00 00 00 00 
0x02001EB0 | 00 00 00 00 00 00 00 00 00 00 00 00 00 00 00 00 
0x02001EC0 | 00 00 00 00 00 00 00 00 00 00 00 00 00 00 00 00 
0x02001ED0 | 00 00 00 00 00 00 00 00 00 00 00 00 00 00 00 00 
0x02001EE0 | 00 00 00 00 00 00 00 00 00 00 00 00 00 00 00 00 
0x02001EF0 | 00 00 00 00 00 00 00 00 00 00 00 00 00 00 00 00 
0x02001F00 | 00 00 00 00 00 00 00 00 20 00 00 00 00 00 00 00 
0x02001F10 | 00 00 00 00 00 00 00 00 00 00 00 00 00 00 00 00 
0x02001F20 | 01 00 00 00 00 00 00 00 00 00 00 00 00 00 00 00 
0x02001F30 | 00 00 00 00 00 00 00 00 00 00 00 00 00 00 00 00 
0x02001F40 | 00 00 00 00 00 00 00 00 00 00 00 00 00 00 00 00 
0x02001F50 | 00 00 00 00 00 00 00 00 00 00 00 00 00 00 00 00 
0x02001F60 | 00 00 00 00 00 00 00 00 00 00 00 00 00 00 00 00 
0x02001F70 | 00 00 00 00 00 00 00 00 00 00 00 00 00 00 00 00 
0x02001F80 | 00 00 00 00 00 00 00 00 00 00 00 00 00 00 00 00 
0x02001F90 | 00 00 00 00 00 00 00 00 00 00 00 00 00 00 00 00 
0x02001FA0 | 00 00 00 00 00 00 00 00 00 00 00 00 00 00 00 00 
0x02001FB0 | 00 00 00 00 00 00 00 00 00 00 00 00 00 00 00 00 
0x02001FC0 | 00 00 00 00 00 00 00 00 00 00 00 00 00 00 00 00 
0x02001FD0 | 00 00 00 00 00 00 00 00 00 00 00 00 00 00 00 00 
0x02001FE0 | 00 00 00 00 00 00 00 00 00 00 00 00 00 00 00 00 
0x02001FF0 | 00 00 03 00 00 00 00 00 00 00 00 00 00 00 00 00
