--- ccu-hex-xfel.txt	2023-07-22 14:43:36
+++ ccu-hex-sdcard.txt	2023-07-22 14:43:48
@@ -1,14 +1,14 @@
-xfel
+sdcard

 PLL_CPU_CTRL_REG
-0x02001000 | 00 29 00 CA 00 00 00 00 00 00 00 00 00 00 00 00 
+0x02001000 | 00 10 00 FA 00 00 00 00 00 00 00 00 00 00 00 00 
-0xCA002900
+0xFA001000
-0b1100_1010_0000_0000_0010_1001_0000_0000
+0b1111_1010_0000_0000_0001_0000_0000_0000
-PLL_EN: Enable, PLL_LDO_EN Enable, LOCK_ENABLE: Disable, LOCK: Disable
-PLL_OUTPUT_GATE: Enable, PLL_LOCK_TIME: 0b010
-PLL_N: 0b0010_1001, PLL_UNLOCK_MDSEL: 00, PLL_LOCK_MDSEL: 0
-PLL_M: 00
+PLL_EN: Enable, PLL_LDO_EN Enable, LOCK_ENABLE: Enable, LOCK: Enable
+PLL_OUTPUT_GATE: Enable, PLL_LOCK_TIME: 0b010
+PLL_N: 0b0001_0000, PLL_UNLOCK_MDSEL: 00, PLL_LOCK_MDSEL: 0
+PLL_M: 00
 0x02001010 | 00 41 00 F8 00 00 00 00 00 00 00 00 00 00 00 00 
 0x02001020 | 00 63 21 F8 00 00 00 00 00 00 00 00 00 00 00 00 
 0x02001030 | 00 00 00 00 00 00 00 00 00 00 00 00 00 00 00 00 
 PLL_VIDEO0/1_CTRL_REG
-0x02001040 | 03 62 00 C8 00 00 00 00 03 62 00 C8 00 00 00 00 
-0x02001050 | 00 00 00 00 00 00 00 00 01 23 00 C8 00 00 00 00 
+0x02001040 | 03 62 00 48 00 00 00 00 03 62 00 48 00 00 00 00 
+0x02001050 | 00 00 00 00 00 00 00 00 01 23 00 48 00 00 00 00 
 0x02001060 | 00 00 00 00 00 00 00 00 00 00 00 00 00 00 00 00 
 PLL_AUDIO0/1_CTRL_REG
-0x02001070 | 00 00 00 00 00 00 00 00 00 55 14 C8 00 00 00 00 
-0x02001080 | 00 7F 41 C8 00 00 00 00 00 00 00 00 00 00 00 00 
+0x02001070 | 00 00 00 00 00 00 00 00 00 55 14 48 00 00 00 00 
+0x02001080 | 00 7F 41 48 00 00 00 00 00 00 00 00 00 00 00 00 
 0x02001090 | 00 00 00 00 00 00 00 00 00 00 00 00 00 00 00 00 
 0x020010A0 | 00 00 00 00 00 00 00 00 00 00 00 00 00 00 00 00 
 0x020010B0 | 00 00 00 00 00 00 00 00 00 00 00 00 00 00 00 00 
@@ -64,7 +64,7 @@
 0x020013D0 | 00 00 00 00 00 00 00 00 00 00 00 00 00 00 00 00 
 0x020013E0 | 00 00 00 00 00 00 00 00 00 00 00 00 00 00 00 00 
 0x020013F0 | 00 00 00 00 00 00 00 00 00 00 00 00 00 00 00 00 
 PLL_CPU_TUN_REG
-0x02001400 | 06 40 40 44 00 00 00 00 00 00 00 00 00 00 00 00 
+0x02001400 | 04 40 40 44 00 00 00 00 00 00 00 00 00 00 00 00 
 0x02001410 | 00 00 00 00 00 00 00 00 00 00 00 00 00 00 00 00 
 0x02001420 | 00 00 00 00 00 00 00 00 00 00 00 00 00 00 00 00 
 0x02001430 | 00 00 00 00 00 00 00 00 00 00 00 00 00 00 00 00 
@@ -82,7 +82,7 @@
 0x020014F0 | 00 00 00 00 00 00 00 00 00 00 00 00 00 00 00 00 
 0x02001500 | 00 03 00 00 00 00 00 80 00 00 00 00 00 00 00 00 
 0x02001510 | 02 00 00 03 00 00 00 00 00 00 00 00 00 00 00 00 
 APB0_CLK_REG
-0x02001520 | 02 01 00 03 00 00 00 00 00 00 00 00 00 00 00 00 
+0x02001520 | 00 01 00 02 00 00 00 00 00 00 00 00 00 00 00 00 
-0x03000102
+0x02000100
-0b0000_0011_0000_0000_0000_0001_0000_0010
+0b0000_0010_0000_0000_0000_0001_0000_0000
-CLK_SRC_SEL: PLL_PERI(1X), FACTOR_N: 01, FACTOR_M: 0010
+CLK_SRC_SEL: PSI_CLK, FACTOR_N: 01, FACTOR_M: 0000
 0x02001530 | 00 00 00 00 00 00 00 00 00 00 00 00 00 00 00 00 
 0x02001540 | 00 00 00 40 00 00 00 00 00 00 00 00 00 00 00 00 
 0x02001550 | 00 00 00 00 00 00 00 00 00 00 00 00 00 00 00 00 
@@ -128,11 +128,11 @@
 0x020017D0 | 00 00 00 00 00 00 00 00 00 00 00 00 00 00 00 00 
 0x020017E0 | 00 00 00 00 00 00 00 00 00 00 00 00 00 00 00 00 
 0x020017F0 | 00 00 00 00 00 00 00 00 00 00 00 00 00 00 00 00 
 DRAM_CLK_REG, MBUS_MAT_CLK_GATING_REG

MBUS_MAT_CLK_GATING_REG - "MBUS Master Clock Gating Register"
-0x02001800 | 00 00 00 C0 87 0D 00 00 00 00 00 00 01 00 01 00 
+0x02001800 | 00 00 00 C0 04 00 00 00 00 00 00 00 01 00 01 00 
-0x00000D87
+0x00000004
-0b0000_0000_0000_0000_0000_1101_1000_0111
+0b0000_0000_0000_0000_0000_0000_0000_0100
-RISC-V_MCLK_EN: Pass, G2D_MCLK_EN: Pass, CSI_MCLK_EN: Pass
-TVIN_MCLK_EN: Pass, CE_MCLK_EN: Pass, VE_MCLK_EN: Pass
-DMA_MCLK_EN: Pass
+RISC-V_MCLK_EN: Mask, G2D_MCLK_EN: Mask, CSI_MCLK_EN: Mask
+TVIN_MCLK_EN: Mask, CE_MCLK_EN: Pass, VE_MCLK_EN: Mask
+DMA_MCLK_EN: Mask

 0x02001810 | 00 00 00 00 00 00 00 00 00 00 00 00 00 00 00 00 
 0x02001820 | 00 00 00 00 00 00 00 00 00 00 00 00 00 00 00 00 
SMHC stuff
-0x02001830 | 00 00 00 00 00 00 00 00 00 00 00 00 00 00 00 00 
-0x02001840 | 00 00 00 00 00 00 00 00 00 00 00 00 00 00 00 00 
+0x02001830 | 06 01 00 81 00 00 00 00 00 00 00 00 00 00 00 00 
+0x02001840 | 00 00 00 00 00 00 00 00 00 00 00 00 01 00 01 00 
 0x02001850 | 00 00 00 00 00 00 00 00 00 00 00 00 00 00 00 00 
 0x02001860 | 00 00 00 00 00 00 00 00 00 00 00 00 00 00 00 00 
 0x02001870 | 00 00 00 00 00 00 00 00 00 00 00 00 00 00 00 00 
@@ -167,8 +167,8 @@
 0x02001A40 | 00 00 00 00 00 00 00 00 00 00 00 00 00 00 00 00 
 0x02001A50 | 00 00 00 00 00 00 00 00 00 00 00 00 01 00 01 00 
 0x02001A60 | 00 00 00 00 00 00 00 00 00 00 00 00 00 00 00 00 
USB stuff
-0x02001A70 | 00 00 00 C0 00 00 00 00 00 00 00 00 00 00 00 00 
-0x02001A80 | 00 00 00 00 00 00 00 00 00 00 00 00 00 01 00 01 
+0x02001A70 | 00 00 00 00 00 00 00 00 00 00 00 00 00 00 00 00 
+0x02001A80 | 00 00 00 00 00 00 00 00 00 00 00 00 00 00 00 00 
 0x02001A90 | 00 00 00 00 00 00 00 00 00 00 00 00 00 00 00 00 
 0x02001AA0 | 00 00 00 00 00 00 00 00 00 00 00 00 00 00 00 00 
 0x02001AB0 | 00 00 00 00 00 00 00 00 00 00 00 00 00 00 00 00 
